RESULT 5
dynamic_C_range = np.logspace(-10, 8, 10, base=2)
dynamic_gamma_range = np.logspace(-10, 8, 10, base=2)
dynamic_epsilon_range = np.linspace(0, 1, 10)
weight = np.absolute(target - 6) + 1
np.power(weight * 3, 2)
grid = GridSearchCV(estimator, param_grid=param_grid, n_jobs=4, scoring='neg_mean_squared_error')

red-unscaled
Time: 116.82374548912048
{'C': 1.0, 'epsilon': 0.1111111111111111, 'gamma': 0.0009765625}
red-max-abs-scaled
Time: 67.79240489006042
{'C': 0.015625, 'epsilon': 0.88888888888888884, 'gamma': 1.0}
white-unscaled
Time: 715.3977501392365
{'C': 0.015625, 'epsilon': 0.77777777777777768, 'gamma': 0.0009765625}
white-max-abs-scaled
Time: 343.98901534080505
{'C': 0.0009765625, 'epsilon': 0.55555555555555558, 'gamma': 4.0}
combined-unscaled
Time: 1069.4940795898438
{'C': 0.0625, 'epsilon': 0.22222222222222221, 'gamma': 0.25}
combined-max-abs-scaled
Time: 495.6172378063202
{'C': 16.0, 'epsilon': 0.22222222222222221, 'gamma': 256.0}

red-unscaled
mean absolute error = 0.534932632591 +/- 0.015607172491
Confusion matrix, without normalization
[[   0.      0.88    2.6     0.14    0.      0.      0.  ]
 [   0.      0.8    12.84    3.38    0.      0.      0.  ]
 [   0.02    5.48  184.     33.5     1.96    0.      0.  ]
 [   0.      2.18   98.66   89.22   18.02    1.12    0.  ]
 [   0.      0.24    8.74   36.36   21.24    0.58    0.  ]
 [   0.      0.      0.34    2.7     2.98    0.02    0.  ]
 [   0.      0.      0.      0.      0.      0.      0.  ]]
Normalized confusion matrix
[[ 0.    0.24  0.72  0.04  0.    0.    0.  ]
 [ 0.    0.05  0.75  0.2   0.    0.    0.  ]
 [ 0.    0.02  0.82  0.15  0.01  0.    0.  ]
 [ 0.    0.01  0.47  0.43  0.09  0.01  0.  ]
 [ 0.    0.    0.13  0.54  0.32  0.01  0.  ]
 [ 0.    0.    0.06  0.45  0.49  0.    0.  ]
 [  nan   nan   nan   nan   nan   nan   nan]]
red-max-abs-scaled
mean absolute error = 0.527290032749 +/- 0.0161966263948
Confusion matrix, without normalization
[[   0.06    0.92    1.96    0.36    0.      0.      0.  ]
 [   0.      1.52   11.62    4.46    0.      0.      0.  ]
 [   0.      6.18  164.76   54.74    0.5     0.      0.  ]
 [   0.      1.34   82.94  122.14    3.74    0.      0.  ]
 [   0.      0.1     6.48   47.62   10.96    0.      0.  ]
 [   0.      0.      0.06    4.32    1.22    0.      0.  ]
 [   0.      0.      0.      0.      0.      0.      0.  ]]
Normalized confusion matrix
[[ 0.02  0.28  0.59  0.11  0.    0.    0.  ]
 [ 0.    0.09  0.66  0.25  0.    0.    0.  ]
 [ 0.    0.03  0.73  0.24  0.    0.    0.  ]
 [ 0.    0.01  0.39  0.58  0.02  0.    0.  ]
 [ 0.    0.    0.1   0.73  0.17  0.    0.  ]
 [ 0.    0.    0.01  0.77  0.22  0.    0.  ]
 [  nan   nan   nan   nan   nan   nan   nan]]
white-unscaled
mean absolute error = 0.635687389556 +/- 0.0108668461556
Confusion matrix, without normalization
[[   0.      0.64    3.48    1.84    0.      0.      0.  ]
 [   0.      3.48   28.86   21.7     0.88    0.      0.  ]
 [   0.      6.22  131.84  331.08   11.92    0.      0.  ]
 [   0.      4.16  115.06  498.72  110.02    0.      0.  ]
 [   0.      0.48   22.06  164.3   101.22    0.1     0.  ]
 [   0.      0.      3.02   30.84   23.34    0.      0.  ]
 [   0.      0.      0.      0.74    1.      0.      0.  ]]
Normalized confusion matrix
[[ 0.    0.11  0.58  0.31  0.    0.    0.  ]
 [ 0.    0.06  0.53  0.4   0.02  0.    0.  ]
 [ 0.    0.01  0.27  0.69  0.02  0.    0.  ]
 [ 0.    0.01  0.16  0.69  0.15  0.    0.  ]
 [ 0.    0.    0.08  0.57  0.35  0.    0.  ]
 [ 0.    0.    0.05  0.54  0.41  0.    0.  ]
 [ 0.    0.    0.    0.43  0.57  0.    0.  ]]
white-max-abs-scaled
mean absolute error = 0.583044790123 +/- 0.00818190963525
Confusion matrix, without normalization
[[   0.      0.1     3.18    3.38    0.      0.      0.  ]
 [   0.      0.76   33.14   18.98    0.48    0.      0.  ]
 [   0.      0.88  250.98  223.18    5.88    0.      0.  ]
 [   0.      0.02  136.6   511.4    77.48    0.      0.  ]
 [   0.      0.     21.22  183.46   86.88    0.      0.  ]
 [   0.      0.      4.38   32.76   19.88    0.      0.  ]
 [   0.      0.      0.      0.46    1.52    0.      0.  ]]
Normalized confusion matrix
[[ 0.    0.02  0.48  0.51  0.    0.    0.  ]
 [ 0.    0.01  0.62  0.36  0.01  0.    0.  ]
 [ 0.    0.    0.52  0.46  0.01  0.    0.  ]
 [ 0.    0.    0.19  0.7   0.11  0.    0.  ]
 [ 0.    0.    0.07  0.63  0.3   0.    0.  ]
 [ 0.    0.    0.08  0.57  0.35  0.    0.  ]
 [ 0.    0.    0.    0.23  0.77  0.    0.  ]]
combined-unscaled
mean absolute error = 0.560690871747 +/- 0.00925609722445
Confusion matrix, without normalization
[[   0.      0.68    1.72    7.46    0.06    0.      0.  ]
 [   0.      6.     13.46   50.46    0.9     0.      0.  ]
 [   0.12    3.86  300.98  395.42    7.66    0.3     0.  ]
 [   0.      1.6    98.34  795.62   34.5     1.18    0.  ]
 [   0.      0.36   12.42  212.34  132.6     1.1     0.  ]
 [   0.      0.      1.4    39.3     4.84   18.62    0.  ]
 [   0.      0.      0.02    1.42    0.26    0.      0.  ]]
Normalized confusion matrix
[[ 0.    0.07  0.17  0.75  0.01  0.    0.  ]
 [ 0.    0.08  0.19  0.71  0.01  0.    0.  ]
 [ 0.    0.01  0.42  0.56  0.01  0.    0.  ]
 [ 0.    0.    0.11  0.85  0.04  0.    0.  ]
 [ 0.    0.    0.03  0.59  0.37  0.    0.  ]
 [ 0.    0.    0.02  0.61  0.08  0.29  0.  ]
 [ 0.    0.    0.01  0.84  0.15  0.    0.  ]]
combined-max-abs-scaled
mean absolute error = 0.509137912998 +/- 0.00936818797037
Confusion matrix, without normalization
[[   0.      0.      1.62    8.38    0.06    0.      0.  ]
 [   0.      6.48   20.16   43.56    0.26    0.      0.  ]
 [   0.      0.86  374.52  320.54    6.44    0.02    0.  ]
 [   0.      0.78  100.68  791.64   40.08    1.08    0.  ]
 [   0.      0.22    8.42  188.68  162.76    1.28    0.  ]
 [   0.      0.      0.54   33.44    9.6    21.26    0.  ]
 [   0.      0.      0.26    0.96    0.42    0.      0.  ]]
Normalized confusion matrix
[[ 0.    0.    0.16  0.83  0.01  0.    0.  ]
 [ 0.    0.09  0.29  0.62  0.    0.    0.  ]
 [ 0.    0.    0.53  0.46  0.01  0.    0.  ]
 [ 0.    0.    0.11  0.85  0.04  0.    0.  ]
 [ 0.    0.    0.02  0.52  0.45  0.    0.  ]
 [ 0.    0.    0.01  0.52  0.15  0.33  0.  ]
 [ 0.    0.    0.16  0.59  0.26  0.    0.  ]]