weight = np.absolute(target - 6) + 1
np.power(weight, 2)
dynamic_C_range = np.logspace(-10, 8, 12, base=2)
dynamic_gamma_range = np.logspace(-10, 8, 12, base=2)
dynamic_epsilon_range = np.linspace(0, 1, 12)

red-unscaled
Time: 203.782874584198
{'C': 8.5203287155197067, 'epsilon': 0.090909090909090912, 'gamma': 0.0009765625}
red-max-abs-scaled
Time: 114.34368968009949
{'C': 0.091217506605090412, 'epsilon': 0.63636363636363635, 'gamma': 2.7407019694402481}
white-unscaled
Time: 1286.096441268921
{'C': 0.0009765625, 'epsilon': 1.0, 'gamma': 0.2835781305488656}
white-max-abs-scaled
Time: 631.336118221283
{'C': 0.009438198784409749, 'epsilon': 0.72727272727272729, 'gamma': 8.5203287155197067}
combined-unscaled
Time: 1943.2189280986786
{'C': 2.7407019694402481, 'epsilon': 0.0, 'gamma': 0.2835781305488656}
combined-max-abs-scaled
Time: 896.5029311180115
{'C': 8.5203287155197067, 'epsilon': 0.0, 'gamma': 256.0}

red-unscaled
mean absolute error = 0.531009712691 +/- 0.0175429185527
Confusion matrix, without normalization
[[   0.      0.64    2.32    0.04    0.      0.      0.  ]
 [   0.02    0.92   13.22    3.04    0.      0.      0.  ]
 [   0.      5.3   182.8    33.9     1.94    0.      0.  ]
 [   0.      1.86  100.88   89.9    18.36    1.38    0.  ]
 [   0.      0.18    8.58   34.22   22.2     0.5     0.  ]
 [   0.      0.      0.36    2.52    2.86    0.06    0.  ]
 [   0.      0.      0.      0.      0.      0.      0.  ]]
Normalized confusion matrix
[[ 0.    0.21  0.77  0.01  0.    0.    0.  ]
 [ 0.    0.05  0.77  0.18  0.    0.    0.  ]
 [ 0.    0.02  0.82  0.15  0.01  0.    0.  ]
 [ 0.    0.01  0.47  0.42  0.09  0.01  0.  ]
 [ 0.    0.    0.13  0.52  0.34  0.01  0.  ]
 [ 0.    0.    0.06  0.43  0.49  0.01  0.  ]
 [  nan   nan   nan   nan   nan   nan   nan]]
red-max-abs-scaled
mean absolute error = 0.518770529015 +/- 0.0166229677438
Confusion matrix, without normalization
[[   0.      1.3     1.78    0.3     0.      0.      0.  ]
 [   0.      2.3    12.      2.9     0.      0.      0.  ]
 [   0.      8.84  173.     46.28    0.38    0.      0.  ]
 [   0.      1.96   86.38  109.02   10.72    0.      0.  ]
 [   0.      0.24    6.74   39.06   19.08    0.      0.  ]
 [   0.      0.      0.02    3.64    2.06    0.      0.  ]
 [   0.      0.      0.      0.      0.      0.      0.  ]]
Normalized confusion matrix
[[ 0.    0.38  0.53  0.09  0.    0.    0.  ]
 [ 0.    0.13  0.7   0.17  0.    0.    0.  ]
 [ 0.    0.04  0.76  0.2   0.    0.    0.  ]
 [ 0.    0.01  0.42  0.52  0.05  0.    0.  ]
 [ 0.    0.    0.1   0.6   0.29  0.    0.  ]
 [ 0.    0.    0.    0.64  0.36  0.    0.  ]
 [  nan   nan   nan   nan   nan   nan   nan]]
white-unscaled
mean absolute error = 0.631503264564 +/- 0.0142944227332
Confusion matrix, without normalization
[[   0.      0.      0.      6.7     0.      0.      0.  ]
 [   0.      0.      0.     53.32    0.      0.      0.  ]
 [   0.      0.      0.    481.16    0.      0.      0.  ]
 [   0.      0.      0.    725.8     0.      0.      0.  ]
 [   0.      0.      0.    288.42    0.      0.      0.  ]
 [   0.      0.      0.     59.92    0.      0.      0.  ]
 [   0.      0.      0.      1.68    0.      0.      0.  ]]
Normalized confusion matrix
[[ 0.  0.  0.  1.  0.  0.  0.]
 [ 0.  0.  0.  1.  0.  0.  0.]
 [ 0.  0.  0.  1.  0.  0.  0.]
 [ 0.  0.  0.  1.  0.  0.  0.]
 [ 0.  0.  0.  1.  0.  0.  0.]
 [ 0.  0.  0.  1.  0.  0.  0.]
 [ 0.  0.  0.  1.  0.  0.  0.]]
white-max-abs-scaled
mean absolute error = 0.573809159304 +/- 0.00707492096508
Confusion matrix, without normalization
[[   0.      0.      3.32    3.54    0.      0.      0.  ]
 [   0.      0.     34.34   19.6     0.36    0.      0.  ]
 [   0.      0.06  220.14  253.76    6.22    0.      0.  ]
 [   0.      0.    106.64  540.62   77.76    0.      0.  ]
 [   0.      0.      4.38  195.26   92.54    0.      0.  ]
 [   0.      0.      0.34   36.52   19.92    0.      0.  ]
 [   0.      0.      0.      0.36    1.32    0.      0.  ]]
Normalized confusion matrix
[[ 0.    0.    0.48  0.52  0.    0.    0.  ]
 [ 0.    0.    0.63  0.36  0.01  0.    0.  ]
 [ 0.    0.    0.46  0.53  0.01  0.    0.  ]
 [ 0.    0.    0.15  0.75  0.11  0.    0.  ]
 [ 0.    0.    0.01  0.67  0.32  0.    0.  ]
 [ 0.    0.    0.01  0.64  0.35  0.    0.  ]
 [ 0.    0.    0.    0.21  0.79  0.    0.  ]]
combined-unscaled
mean absolute error = 0.504151076741 +/- 0.00879357458697
Confusion matrix, without normalization
[[   0.06    0.7     2.08    7.6     0.02    0.      0.  ]
 [   0.1     5.94   12.8    50.66    1.42    0.      0.  ]
 [   0.1     3.56  303.04  393.      9.86    0.4     0.  ]
 [   0.02    2.72   95.    796.22   41.78    1.12    0.  ]
 [   0.      0.38   12.32  206.24  131.02    1.52    0.  ]
 [   0.      0.      1.46   36.4     4.82   21.14    0.  ]
 [   0.      0.      0.02    1.22    0.26    0.      0.  ]]
Normalized confusion matrix
[[ 0.01  0.07  0.2   0.73  0.    0.    0.  ]
 [ 0.    0.08  0.18  0.71  0.02  0.    0.  ]
 [ 0.    0.01  0.43  0.55  0.01  0.    0.  ]
 [ 0.    0.    0.1   0.85  0.04  0.    0.  ]
 [ 0.    0.    0.04  0.59  0.37  0.    0.  ]
 [ 0.    0.    0.02  0.57  0.08  0.33  0.  ]
 [ 0.    0.    0.01  0.81  0.17  0.    0.  ]]
combined-max-abs-scaled
mean absolute error = 0.454749552541 +/- 0.00960003752818
Confusion matrix, without normalization
[[   0.      0.      1.6     7.36    0.08    0.      0.  ]
 [   0.      6.54   22.36   41.9     0.14    0.      0.  ]
 [   0.      2.08  395.42  304.88    6.88    0.1     0.  ]
 [   0.      1.56  118.26  761.6    54.18    1.64    0.  ]
 [   0.      0.     11.56  170.96  168.78    2.46    0.  ]
 [   0.      0.      0.56   30.3    11.5    20.82    0.  ]
 [   0.      0.      0.16    0.88    0.44    0.      0.  ]]
Normalized confusion matrix
[[ 0.    0.    0.18  0.81  0.01  0.    0.  ]
 [ 0.    0.09  0.32  0.59  0.    0.    0.  ]
 [ 0.    0.    0.56  0.43  0.01  0.    0.  ]
 [ 0.    0.    0.13  0.81  0.06  0.    0.  ]
 [ 0.    0.    0.03  0.48  0.48  0.01  0.  ]
 [ 0.    0.    0.01  0.48  0.18  0.33  0.  ]
 [ 0.    0.    0.11  0.59  0.3   0.    0.  ]]