RESULT 4

dynamic_C_range = np.logspace(-10, 8, 10, base=2)
dynamic_gamma_range = np.logspace(-10, 8, 10, base=2)
dynamic_epsilon_range = np.linspace(0, 1, 10)
weight = np.absolute(target - 6) + 1
return np.power(weight, 2)
grid = GridSearchCV(estimator, param_grid=param_grid, n_jobs=4, scoring='neg_mean_squared_error')

red-unscaled
Time: 120.76232886314392
{'C': 16.0, 'epsilon': 0.77777777777777768, 'gamma': 0.0009765625}
red-max-abs-scaled
Time: 67.95985102653503
{'C': 0.0625, 'epsilon': 0.66666666666666663, 'gamma': 4.0}
white-unscaled
Time: 746.6409816741943
{'C': 0.25, 'epsilon': 0.88888888888888884, 'gamma': 0.0009765625}
white-max-abs-scaled
Time: 371.47545623779297
{'C': 0.015625, 'epsilon': 0.77777777777777768, 'gamma': 4.0}
combined-unscaled
Time: 1104.0536422729492
{'C': 1.0, 'epsilon': 0.22222222222222221, 'gamma': 0.25}
combined-max-abs-scaled
Time: 522.2760200500488
{'C': 4.0, 'epsilon': 0.1111111111111111, 'gamma': 256.0}


red-unscaled
mean absolute error = 0.565586347723 +/- 0.0199327569877
Confusion matrix, without normalization
[[   0.      1.04    2.32    0.14    0.      0.      0.  ]
 [   0.02    2.06   11.24    4.06    0.16    0.      0.  ]
 [   0.     13.6   159.64   50.9     1.42    0.04    0.  ]
 [   0.04    3.14   91.16   96.08   18.62    0.78    0.  ]
 [   0.      0.2     7.84   34.4    22.56    0.36    0.  ]
 [   0.      0.      0.28    3.1     2.8     0.      0.  ]
 [   0.      0.      0.      0.      0.      0.      0.  ]]
Normalized confusion matrix
[[ 0.    0.3   0.66  0.04  0.    0.    0.  ]
 [ 0.    0.12  0.64  0.23  0.01  0.    0.  ]
 [ 0.    0.06  0.71  0.23  0.01  0.    0.  ]
 [ 0.    0.01  0.43  0.46  0.09  0.    0.  ]
 [ 0.    0.    0.12  0.53  0.35  0.01  0.  ]
 [ 0.    0.    0.05  0.5   0.45  0.    0.  ]
 [  nan   nan   nan   nan   nan   nan   nan]]
red-max-abs-scaled
mean absolute error = 0.5241190645 +/- 0.0179645816034
Confusion matrix, without normalization
[[   0.      1.04    1.98    0.34    0.      0.      0.  ]
 [   0.      2.04   12.04    3.6     0.      0.      0.  ]
 [   0.      7.52  165.78   49.12    0.26    0.      0.  ]
 [   0.      1.74   85.66  115.88    8.48    0.      0.  ]
 [   0.      0.3     7.16   41.74   17.28    0.      0.  ]
 [   0.      0.      0.02    4.12    1.9     0.      0.  ]
 [   0.      0.      0.      0.      0.      0.      0.  ]]
Normalized confusion matrix
[[ 0.    0.31  0.59  0.1   0.    0.    0.  ]
 [ 0.    0.12  0.68  0.2   0.    0.    0.  ]
 [ 0.    0.03  0.74  0.22  0.    0.    0.  ]
 [ 0.    0.01  0.4   0.55  0.04  0.    0.  ]
 [ 0.    0.    0.11  0.63  0.26  0.    0.  ]
 [ 0.    0.    0.    0.68  0.31  0.    0.  ]
 [  nan   nan   nan   nan   nan   nan   nan]]
white-unscaled
mean absolute error = 0.630235229443 +/- 0.00929630248201
Confusion matrix, without normalization
[[   0.      0.7     3.88    2.4     0.      0.      0.  ]
 [   0.      3.32   27.04   20.76    0.78    0.      0.  ]
 [   0.      6.94  128.08  334.76   11.92    0.      0.  ]
 [   0.      4.26  106.62  502.04  117.12    0.06    0.  ]
 [   0.      0.3    17.92  163.06  105.3     1.16    0.  ]
 [   0.      0.      2.36   28.98   25.72    0.      0.  ]
 [   0.      0.      0.      0.7     0.82    0.      0.  ]]
Normalized confusion matrix
[[ 0.    0.1   0.56  0.34  0.    0.    0.  ]
 [ 0.    0.06  0.52  0.4   0.02  0.    0.  ]
 [ 0.    0.01  0.27  0.69  0.02  0.    0.  ]
 [ 0.    0.01  0.15  0.69  0.16  0.    0.  ]
 [ 0.    0.    0.06  0.57  0.37  0.    0.  ]
 [ 0.    0.    0.04  0.51  0.45  0.    0.  ]
 [ 0.    0.    0.    0.46  0.54  0.    0.  ]]
white-max-abs-scaled
mean absolute error = 0.576866162235 +/- 0.00863432499737
Confusion matrix, without normalization
[[   0.      0.3     2.96    3.34    0.      0.      0.  ]
 [   0.      0.76   32.8    19.62    0.84    0.      0.  ]
 [   0.      1.34  218.02  260.94    6.66    0.      0.  ]
 [   0.      0.34  104.36  532.64   87.2     0.      0.  ]
 [   0.      0.      6.5   185.54   93.78    0.      0.  ]
 [   0.      0.      0.38   33.64   23.7     0.      0.  ]
 [   0.      0.      0.      0.3     1.04    0.      0.  ]]
Normalized confusion matrix
[[ 0.    0.05  0.45  0.51  0.    0.    0.  ]
 [ 0.    0.01  0.61  0.36  0.02  0.    0.  ]
 [ 0.    0.    0.45  0.54  0.01  0.    0.  ]
 [ 0.    0.    0.14  0.74  0.12  0.    0.  ]
 [ 0.    0.    0.02  0.65  0.33  0.    0.  ]
 [ 0.    0.    0.01  0.58  0.41  0.    0.  ]
 [ 0.    0.    0.    0.22  0.78  0.    0.  ]]
combined-unscaled
mean absolute error = 0.556734802022 +/- 0.0100990753456
Confusion matrix, without normalization
[[   0.      0.64    1.62    8.14    0.      0.      0.  ]
 [   0.      6.18   13.14   50.94    1.08    0.      0.  ]
 [   0.04    3.56  302.42  391.62    6.72    0.26    0.  ]
 [   0.      1.5    94.06  807.48   32.64    0.66    0.  ]
 [   0.      0.26   12.38  211.1   130.66    1.02    0.08]
 [   0.      0.      1.58   38.78    5.18   19.38    0.  ]
 [   0.      0.      0.      1.58    0.3     0.      0.  ]]
Normalized confusion matrix
[[ 0.    0.06  0.16  0.78  0.    0.    0.  ]
 [ 0.    0.09  0.18  0.71  0.02  0.    0.  ]
 [ 0.    0.01  0.43  0.56  0.01  0.    0.  ]
 [ 0.    0.    0.1   0.86  0.03  0.    0.  ]
 [ 0.    0.    0.03  0.59  0.37  0.    0.  ]
 [ 0.    0.    0.02  0.6   0.08  0.3   0.  ]
 [ 0.    0.    0.    0.84  0.16  0.    0.  ]]
combined-max-abs-scaled
mean absolute error = 0.481558971566 +/- 0.00938678739314
Confusion matrix, without normalization
[[   0.      0.      1.52    8.3     0.      0.      0.  ]
 [   0.      5.96   21.74   42.98    0.2     0.      0.  ]
 [   0.      1.54  386.54  312.4     6.12    0.06    0.  ]
 [   0.      0.68  110.48  774.6    48.72    1.32    0.  ]
 [   0.      0.      9.04  177.28  167.88    2.12    0.  ]
 [   0.      0.      0.66   32.14    9.64   21.38    0.  ]
 [   0.      0.      0.2     0.78    0.72    0.      0.  ]]
Normalized confusion matrix
[[ 0.    0.    0.15  0.85  0.    0.    0.  ]
 [ 0.    0.08  0.31  0.61  0.    0.    0.  ]
 [ 0.    0.    0.55  0.44  0.01  0.    0.  ]
 [ 0.    0.    0.12  0.83  0.05  0.    0.  ]
 [ 0.    0.    0.03  0.5   0.47  0.01  0.  ]
 [ 0.    0.    0.01  0.5   0.15  0.34  0.  ]
 [ 0.    0.    0.12  0.46  0.42  0.    0.  ]]