RESULT1
dynamic_C_range = np.logspace(-2, 3, 12)
dynamic_gamma_range = np.logspace(-2, 3, 12)
dynamic_epsilon_range = np.linspace(0, 2, 12)

red-unscaled
Time: 139.6346549987793
{'C': 5.3366992312063068, 'epsilon': 0.36363636363636365, 'gamma': 0.01}
red-max-abs-scaled
Time: 74.9622220993042
{'C': 15.199110829529332, 'epsilon': 0.18181818181818182, 'gamma': 0.23101297000831592}
white-unscaled
Time: 975.4576256275177
{'C': 0.65793322465756787, 'epsilon': 0.54545454545454541, 'gamma': 0.01}
white-max-abs-scaled
Time: 476.50663566589355
{'C': 0.65793322465756787, 'epsilon': 0.72727272727272729, 'gamma': 5.3366992312063068}
combined-unscaled
Time: 1513.8384783267975
{'C': 1.873817422860383, 'epsilon': 0.54545454545454541, 'gamma': 0.01}
combined-max-abs-scaled
Time: 718.5402157306671
{'C': 1.873817422860383, 'epsilon': 0.18181818181818182, 'gamma': 123.28467394420659}

red-unscaled
mean absolute error = 0.539661053232 +/- 0.0173853048779
Confusion matrix, without normalization
[[   0.      0.02    2.7     0.6     0.      0.      0.  ]
 [   0.      0.     10.46    6.56    0.      0.      0.  ]
 [   0.      0.38  145.64   76.12    0.84    0.      0.  ]
 [   0.      0.12   60.26  141.02    9.54    0.      0.  ]
 [   0.      0.      4.34   46.6    16.4     0.      0.  ]
 [   0.      0.      0.      4.82    1.58    0.      0.  ]
 [   0.      0.      0.      0.      0.      0.      0.  ]]
Normalized confusion matrix
[[ 0.    0.01  0.81  0.18  0.    0.    0.  ]
 [ 0.    0.    0.61  0.39  0.    0.    0.  ]
 [ 0.    0.    0.65  0.34  0.    0.    0.  ]
 [ 0.    0.    0.29  0.67  0.05  0.    0.  ]
 [ 0.    0.    0.06  0.69  0.24  0.    0.  ]
 [ 0.    0.    0.    0.75  0.25  0.    0.  ]
 [  nan   nan   nan   nan   nan   nan   nan]]
red-max-abs-scaled
mean absolute error = 0.492020349474 +/- 0.0155148801258
Confusion matrix, without normalization
[[   0.      0.12    2.78    0.26    0.      0.      0.  ]
 [   0.      0.64   12.6     5.26    0.      0.      0.  ]
 [   0.      0.34  161.72   61.42    0.5     0.1     0.  ]
 [   0.      0.     63.86  137.98    9.82    0.      0.  ]
 [   0.      0.      2.78   45.46   16.9     0.      0.  ]
 [   0.      0.      0.      3.2     2.26    0.      0.  ]
 [   0.      0.      0.      0.      0.      0.      0.  ]]
Normalized confusion matrix
[[ 0.    0.04  0.88  0.08  0.    0.    0.  ]
 [ 0.    0.03  0.68  0.28  0.    0.    0.  ]
 [ 0.    0.    0.72  0.27  0.    0.    0.  ]
 [ 0.    0.    0.3   0.65  0.05  0.    0.  ]
 [ 0.    0.    0.04  0.7   0.26  0.    0.  ]
 [ 0.    0.    0.    0.59  0.41  0.    0.  ]
 [  nan   nan   nan   nan   nan   nan   nan]]
white-unscaled
mean absolute error = 0.621708935647 +/- 0.0112181925472
Confusion matrix, without normalization
[[   0.      0.      3.66    3.16    0.04    0.      0.  ]
 [   0.      0.48   27.6    25.58    0.48    0.      0.  ]
 [   0.      0.46  163.96  311.32    6.22    0.      0.  ]
 [   0.      0.08  117.96  547.8    59.94    0.      0.  ]
 [   0.      0.     10.3   212.26   66.16    0.      0.  ]
 [   0.      0.      1.7    36.38   19.98    0.      0.  ]
 [   0.      0.      0.02    1.1     0.36    0.      0.  ]]
Normalized confusion matrix
[[ 0.    0.    0.53  0.46  0.01  0.    0.  ]
 [ 0.    0.01  0.51  0.47  0.01  0.    0.  ]
 [ 0.    0.    0.34  0.65  0.01  0.    0.  ]
 [ 0.    0.    0.16  0.75  0.08  0.    0.  ]
 [ 0.    0.    0.04  0.74  0.23  0.    0.  ]
 [ 0.    0.    0.03  0.63  0.34  0.    0.  ]
 [ 0.    0.    0.01  0.74  0.24  0.    0.  ]]
white-max-abs-scaled
mean absolute error = 0.56154424173 +/- 0.00775878748234
Confusion matrix, without normalization
[[   0.      0.      3.76    2.7     0.      0.      0.  ]
 [   0.      0.88   31.48   22.08    0.26    0.      0.  ]
 [   0.      0.26  197.62  275.72    4.78    0.      0.  ]
 [   0.      0.1    96.46  557.56   71.08    0.      0.  ]
 [   0.      0.      2.58  194.36   95.62    0.      0.  ]
 [   0.      0.      0.04   33.72   24.06    0.      0.  ]
 [   0.      0.      0.      0.36    1.52    0.      0.  ]]
Normalized confusion matrix
[[ 0.    0.    0.58  0.42  0.    0.    0.  ]
 [ 0.    0.02  0.58  0.4   0.    0.    0.  ]
 [ 0.    0.    0.41  0.58  0.01  0.    0.  ]
 [ 0.    0.    0.13  0.77  0.1   0.    0.  ]
 [ 0.    0.    0.01  0.66  0.33  0.    0.  ]
 [ 0.    0.    0.    0.58  0.42  0.    0.  ]
 [ 0.    0.    0.    0.19  0.81  0.    0.  ]]
combined-unscaled
mean absolute error = 0.59913036939 +/- 0.0095454175432
Confusion matrix, without normalization
[[   0.      0.08    4.88    5.3     0.08    0.      0.  ]
 [   0.      1.24   36.06   32.96    0.64    0.      0.  ]
 [   0.      1.26  302.52  395.9     8.34    0.      0.  ]
 [   0.      0.52  188.58  666.32   77.04    0.      0.  ]
 [   0.      0.06   14.02  257.22   85.66    0.      0.  ]
 [   0.      0.      1.48   36.88   26.38    0.      0.  ]
 [   0.      0.      0.28    0.72    0.58    0.      0.  ]]
Normalized confusion matrix
[[ 0.    0.01  0.47  0.51  0.01  0.    0.  ]
 [ 0.    0.02  0.51  0.46  0.01  0.    0.  ]
 [ 0.    0.    0.43  0.56  0.01  0.    0.  ]
 [ 0.    0.    0.2   0.71  0.08  0.    0.  ]
 [ 0.    0.    0.04  0.72  0.24  0.    0.  ]
 [ 0.    0.    0.02  0.57  0.41  0.    0.  ]
 [ 0.    0.    0.18  0.46  0.37  0.    0.  ]]
combined-max-abs-scaled
mean absolute error = 0.490652843524 +/- 0.00671061229663
Confusion matrix, without normalization
[[   0.      0.02    3.      5.94    0.46    0.      0.  ]
 [   0.      5.06   38.22   28.38    0.32    0.      0.  ]
 [   0.      3.26  453.4   243.74    9.04    0.      0.  ]
 [   0.      1.56  155.36  701.32   74.12    1.02    0.  ]
 [   0.      0.     11.76  159.88  180.52    2.44    0.  ]
 [   0.      0.      1.24   24.44   25.38   13.42    0.  ]
 [   0.      0.      0.4     0.58    0.72    0.      0.  ]]
Normalized confusion matrix
[[ 0.    0.    0.32  0.63  0.05  0.    0.  ]
 [ 0.    0.07  0.53  0.39  0.    0.    0.  ]
 [ 0.    0.    0.64  0.34  0.01  0.    0.  ]
 [ 0.    0.    0.17  0.75  0.08  0.    0.  ]
 [ 0.    0.    0.03  0.45  0.51  0.01  0.  ]
 [ 0.    0.    0.02  0.38  0.39  0.21  0.  ]
 [ 0.    0.    0.24  0.34  0.42  0.    0.  ]]