RESULT 2
dynamic_C_range = np.logspace(-2, 3, 12)
dynamic_gamma_range = np.logspace(-2, 3, 12)
dynamic_epsilon_range = np.linspace(0, 2, 12)
grid = GridSearchCV(estimator, param_grid=param_grid, n_jobs=4, scoring='neg_mean_absolute_error')

red-unscaled
Time: 199.65365433692932
{'C': 5.3366992312063068, 'epsilon': 0.18181818181818182, 'gamma': 0.01}
red-max-abs-scaled
Time: 134.56772804260254
{'C': 0.65793322465756787, 'epsilon': 0.0, 'gamma': 5.3366992312063068}
white-unscaled
Time: 962.5695934295654
{'C': 0.01, 'epsilon': 2.0, 'gamma': 0.01}
white-max-abs-scaled
Time: 457.4658234119415
{'C': 0.65793322465756787, 'epsilon': 0.90909090909090917, 'gamma': 5.3366992312063068}
combined-unscaled
Time: 1471.7764542102814
{'C': 1.873817422860383, 'epsilon': 0.0, 'gamma': 0.23101297000831592}
combined-max-abs-scaled
Time: 676.4065270423889
{'C': 1.873817422860383, 'epsilon': 0.0, 'gamma': 123.28467394420659}

red-unscaled
mean absolute error = 0.518980772145 +/- 0.0176546821212
Confusion matrix, without normalization
[[   0.      0.      2.44    0.76    0.      0.      0.  ]
 [   0.      0.16   10.64    5.88    0.02    0.      0.  ]
 [   0.      0.44  155.5    68.24    1.34    0.      0.  ]
 [   0.      0.2    65.44  132.38   12.36    0.02    0.  ]
 [   0.      0.      6.3    41.4    18.12    0.      0.  ]
 [   0.      0.      0.02    4.06    2.28    0.      0.  ]
 [   0.      0.      0.      0.      0.      0.      0.  ]]
Normalized confusion matrix
[[ 0.    0.    0.76  0.24  0.    0.    0.  ]
 [ 0.    0.01  0.64  0.35  0.    0.    0.  ]
 [ 0.    0.    0.69  0.3   0.01  0.    0.  ]
 [ 0.    0.    0.31  0.63  0.06  0.    0.  ]
 [ 0.    0.    0.1   0.63  0.28  0.    0.  ]
 [ 0.    0.    0.    0.64  0.36  0.    0.  ]
 [  nan   nan   nan   nan   nan   nan   nan]]
red-max-abs-scaled
mean absolute error = 0.475733370215 +/- 0.0158115809843
Confusion matrix, without normalization
[[   0.      0.      3.08    0.38    0.      0.      0.  ]
 [   0.      0.02   13.78    4.2     0.18    0.      0.  ]
 [   0.      0.14  173.08   50.88    1.      0.      0.  ]
 [   0.      0.     70.36  128.42   12.      0.      0.  ]
 [   0.      0.      3.5    41.88   19.16    0.      0.  ]
 [   0.      0.      0.      3.8     2.14    0.      0.  ]
 [   0.      0.      0.      0.      0.      0.      0.  ]]
Normalized confusion matrix
[[ 0.    0.    0.89  0.11  0.    0.    0.  ]
 [ 0.    0.    0.76  0.23  0.01  0.    0.  ]
 [ 0.    0.    0.77  0.23  0.    0.    0.  ]
 [ 0.    0.    0.33  0.61  0.06  0.    0.  ]
 [ 0.    0.    0.05  0.65  0.3   0.    0.  ]
 [ 0.    0.    0.    0.64  0.36  0.    0.  ]
 [  nan   nan   nan   nan   nan   nan   nan]]
white-unscaled
mean absolute error = 0.628863111326 +/- 0.0101984433497
Confusion matrix, without normalization
[[   0.      0.      0.      6.74    0.      0.      0.  ]
 [   0.      0.      0.     53.66    0.      0.      0.  ]
 [   0.      0.      0.    482.98    0.      0.      0.  ]
 [   0.      0.      0.    726.46    0.      0.      0.  ]
 [   0.      0.      0.    289.94    0.      0.      0.  ]
 [   0.      0.      0.     55.58    0.      0.      0.  ]
 [   0.      0.      0.      1.64    0.      0.      0.  ]]
Normalized confusion matrix
[[ 0.  0.  0.  1.  0.  0.  0.]
 [ 0.  0.  0.  1.  0.  0.  0.]
 [ 0.  0.  0.  1.  0.  0.  0.]
 [ 0.  0.  0.  1.  0.  0.  0.]
 [ 0.  0.  0.  1.  0.  0.  0.]
 [ 0.  0.  0.  1.  0.  0.  0.]
 [ 0.  0.  0.  1.  0.  0.  0.]]
white-max-abs-scaled
mean absolute error = 0.560471048783 +/- 0.00981941829877
Confusion matrix, without normalization
[[   0.      0.      3.72    2.52    0.      0.      0.  ]
 [   0.      0.22   30.04   24.06    0.24    0.      0.  ]
 [   0.      0.06  158.56  318.18    4.36    0.      0.  ]
 [   0.      0.1    67.5   592.26   66.7     0.      0.  ]
 [   0.      0.      2.1   197.94   90.26    0.      0.  ]
 [   0.      0.      0.     33.02   23.44    0.      0.  ]
 [   0.      0.      0.      0.32    1.4     0.      0.  ]]
Normalized confusion matrix
[[ 0.    0.    0.6   0.4   0.    0.    0.  ]
 [ 0.    0.    0.55  0.44  0.    0.    0.  ]
 [ 0.    0.    0.33  0.66  0.01  0.    0.  ]
 [ 0.    0.    0.09  0.82  0.09  0.    0.  ]
 [ 0.    0.    0.01  0.68  0.31  0.    0.  ]
 [ 0.    0.    0.    0.58  0.42  0.    0.  ]
 [ 0.    0.    0.    0.19  0.81  0.    0.  ]]
combined-unscaled
mean absolute error = 0.505704048894 +/- 0.0114160625159
Confusion matrix, without normalization
[[   0.      0.36    2.48    6.88    0.      0.      0.  ]
 [   0.      5.4    16.24   49.34    0.98    0.      0.  ]
 [   0.      1.5   318.9   378.08    9.02    0.02    0.  ]
 [   0.      0.9   108.22  781.18   41.96    0.42    0.  ]
 [   0.      0.08   15.    207.58  135.78    0.36    0.  ]
 [   0.      0.      1.46   37.48    8.7    15.14    0.  ]
 [   0.      0.      0.08    1.26    0.2     0.      0.  ]]
Normalized confusion matrix
[[ 0.    0.04  0.26  0.71  0.    0.    0.  ]
 [ 0.    0.08  0.23  0.69  0.01  0.    0.  ]
 [ 0.    0.    0.45  0.53  0.01  0.    0.  ]
 [ 0.    0.    0.12  0.84  0.04  0.    0.  ]
 [ 0.    0.    0.04  0.58  0.38  0.    0.  ]
 [ 0.    0.    0.02  0.6   0.14  0.24  0.  ]
 [ 0.    0.    0.05  0.82  0.13  0.    0.  ]]
combined-max-abs-scaled
mean absolute error = 0.465014414861 +/- 0.00794578740325
Confusion matrix, without normalization
[[   0.      0.02    4.14    6.06    0.34    0.      0.  ]
 [   0.      4.58   37.4    26.66    0.62    0.      0.  ]
 [   0.      4.3   453.06  238.58   10.      0.04    0.  ]
 [   0.      2.2   163.66  689.42   78.5     1.38    0.  ]
 [   0.      0.04   13.04  160.02  180.22    3.84    0.  ]
 [   0.      0.04    1.48   23.84   26.58   13.08    0.  ]
 [   0.      0.      0.32    0.66    0.86    0.02    0.  ]]
Normalized confusion matrix
[[ 0.    0.    0.39  0.57  0.03  0.    0.  ]
 [ 0.    0.07  0.54  0.38  0.01  0.    0.  ]
 [ 0.    0.01  0.64  0.34  0.01  0.    0.  ]
 [ 0.    0.    0.18  0.74  0.08  0.    0.  ]
 [ 0.    0.    0.04  0.45  0.5   0.01  0.  ]
 [ 0.    0.    0.02  0.37  0.41  0.2   0.  ]
 [ 0.    0.    0.17  0.35  0.46  0.01  0.  ]]