unweighted

'epsilon': np.linspace(0, 2, 32)
'gamma': np.logspace(-10, 8, 32, base=2)

red-max-abs-scaled
Time: 25.21782898902893
Best Parameters: {'C': 8.4379419061256904, 'epsilon': 0.32258064516129031, 'gamma': 4.5742917588637919}
Score: 0.791237763932
red-unscaled
Time: 37.850210189819336
Best Parameters: {'C': 8.4379419061256904, 'epsilon': 0.12903225806451613, 'gamma': 0.0032664414238392087}
Score: 0.754199676937
white-max-abs-scaled
Time: 150.78113341331482
Best Parameters: {'C': 8.4379419061256904, 'epsilon': 0.64516129032258063, 'gamma': 15.300255831940099}
Score: 0.661698008165
white-unscaled
Time: 274.76600909233093
Best Parameters: {'C': 8.4379419061256904, 'epsilon': 0.25806451612903225, 'gamma': 0.004885021560994479}
Score: 0.670345275213
combined-max-abs-scaled
Time: 256.499489068985
Best Parameters: {'C': 8.4379419061256904, 'epsilon': 0.064516129032258063, 'gamma': 76.535889538825018}
Score: 0.677345511028
combined-unscaled
Time: 486.16651034355164
Best Parameters: {'C': 8.4379419061256904, 'epsilon': 0.70967741935483875, 'gamma': 0.016339596065976361}
Score: 0.620238885932
red-max-abs-scaled
mean absolute error: 0.488467814338
score: 0.513010106267
Confusion matrix, without normalization
[[  0   0   2   0   0   0   0]
 [  0   4   8   6   0   0   0]
 [  0   0 186   9   4   0   0]
 [  0   1   5 198   2   0   0]
 [  0   0   3   9  38   0   0]
 [  0   0   0   1   3   1   0]
 [  0   0   0   0   0   0   0]]
Normalized confusion matrix
[[ 0.          0.          1.          0.          0.          0.          0.        ]
 [ 0.          0.22222222  0.44444444  0.33333333  0.          0.          0.        ]
 [ 0.          0.          0.93467337  0.04522613  0.0201005   0.          0.        ]
 [ 0.          0.00485437  0.02427184  0.96116505  0.00970874  0.          0.        ]
 [ 0.          0.          0.06        0.18        0.76        0.          0.        ]
 [ 0.          0.          0.          0.2         0.6         0.2         0.        ]
 [ 0.          0.          0.          0.          0.          0.          0.        ]]
red-unscaled
mean absolute error: 0.513022310345
score: 0.46775248561
Confusion matrix, without normalization
[[  0   0   4   0   0   0   0]
 [  0   3   2   8   0   0   0]
 [  0   0 196  12   0   0   0]
 [  0   0   4 192   0   0   0]
 [  0   0   3  15  34   0   0]
 [  0   0   0   4   3   0   0]
 [  0   0   0   0   0   0   0]]
Normalized confusion matrix
[[ 0.          0.          1.          0.          0.          0.          0.        ]
 [ 0.          0.23076923  0.15384615  0.61538462  0.          0.          0.        ]
 [ 0.          0.          0.94230769  0.05769231  0.          0.          0.        ]
 [ 0.          0.          0.02040816  0.97959184  0.          0.          0.        ]
 [ 0.          0.          0.05769231  0.28846154  0.65384615  0.          0.        ]
 [ 0.          0.          0.          0.57142857  0.42857143  0.          0.        ]
 [ 0.          0.          0.          0.          0.          0.          0.        ]]
white-max-abs-scaled
mean absolute error: 0.575206420144
score: 0.45531872141
Confusion matrix, without normalization
[[  0   0   6   2   1   0   0]
 [  0  13  18  15   3   0   0]
 [  0   0 359  45  13   0   0]
 [  0   3   5 641   7   0   0]
 [  0   0   7  39 239   0   0]
 [  0   0   1  20  19  13   0]
 [  0   0   0   0   1   0   0]]
Normalized confusion matrix
[[ 0.          0.          0.66666667  0.22222222  0.11111111  0.          0.        ]
 [ 0.          0.26530612  0.36734694  0.30612245  0.06122449  0.          0.        ]
 [ 0.          0.          0.86091127  0.10791367  0.03117506  0.          0.        ]
 [ 0.          0.00457317  0.00762195  0.97713415  0.01067073  0.          0.        ]
 [ 0.          0.          0.0245614   0.13684211  0.83859649  0.          0.        ]
 [ 0.          0.          0.01886792  0.37735849  0.35849057  0.24528302
   0.        ]
 [ 0.          0.          0.          0.          1.          0.          0.        ]]
white-unscaled
mean absolute error: 0.575381512215
score: 0.400585384623
Confusion matrix, without normalization
[[  0   0   2   3   0   0   0]
 [  0   7  15  14   0   0   0]
 [  0   1 381  54   9   0   0]
 [  0   0  15 650   3   0   0]
 [  0   1  17  58 184   0   0]
 [  0   0   2  28  21   4   0]
 [  0   0   0   0   1   0   0]]
Normalized confusion matrix
[[ 0.          0.          0.4         0.6         0.          0.          0.        ]
 [ 0.          0.19444444  0.41666667  0.38888889  0.          0.          0.        ]
 [ 0.          0.00224719  0.85617978  0.12134831  0.02022472  0.          0.        ]
 [ 0.          0.          0.02245509  0.97305389  0.00449102  0.          0.        ]
 [ 0.          0.00384615  0.06538462  0.22307692  0.70769231  0.          0.        ]
 [ 0.          0.          0.03636364  0.50909091  0.38181818  0.07272727
   0.        ]
 [ 0.          0.          0.          0.          1.          0.          0.        ]]
combined-max-abs-scaled
mean absolute error: 0.494392448634
score: 0.464018169699
Confusion matrix, without normalization
[[  0   1   2   2   0   0   0]
 [  0  15  22  23   0   0   0]
 [  0   3 544  49  14   0   0]
 [  0  13  54 792  19   8   0]
 [  0   0  20  38 280   3   0]
 [  0   0   1  17  10  18   0]
 [  0   0   0   1   1   0   0]]
Normalized confusion matrix
[[ 0.          0.2         0.4         0.4         0.          0.          0.        ]
 [ 0.          0.25        0.36666667  0.38333333  0.          0.          0.        ]
 [ 0.          0.00491803  0.89180328  0.08032787  0.02295082  0.          0.        ]
 [ 0.          0.01467269  0.06094808  0.89390519  0.0214447   0.00902935
   0.        ]
 [ 0.          0.          0.05865103  0.11143695  0.82111437  0.00879765
   0.        ]
 [ 0.          0.          0.02173913  0.36956522  0.2173913   0.39130435
   0.        ]
 [ 0.          0.          0.          0.5         0.5         0.          0.        ]]
combined-unscaled
mean absolute error: 0.611831265768
score: 0.506427075909
Confusion matrix, without normalization
[[  0   1   4   5   1   0   0]
 [  0  15  25  35   2   0   0]
 [  0   3 558  68  15   1   0]
 [  0   3  22 818  13   1   0]
 [  0   0  16  59 236   0   0]
 [  0   0   2  17  17  13   0]
 [  0   0   0   0   0   0   0]]
Normalized confusion matrix
[[ 0.          0.09090909  0.36363636  0.45454545  0.09090909  0.          0.        ]
 [ 0.          0.19480519  0.32467532  0.45454545  0.02597403  0.          0.        ]
 [ 0.          0.00465116  0.86511628  0.10542636  0.02325581  0.00155039
   0.        ]
 [ 0.          0.00350058  0.02567095  0.95449242  0.01516919  0.00116686
   0.        ]
 [ 0.          0.          0.05144695  0.18971061  0.75884244  0.          0.        ]
 [ 0.          0.          0.04081633  0.34693878  0.34693878  0.26530612
   0.        ]
 [ 0.          0.          0.          0.          0.          0.          0.        ]]